5
100
1 16 0 49 19 49 21 49 22 49 23 49 25 49 27 49 30 49 34 49 38 49 39 49 40 49 41 49 51 49 51 50 0 50
2 4 41 48 51 48 51 49 41 49
3 9 41 47 42 47 43 47 44 47 45 47 46 47 51 47 51 48 41 48
4 8 46 45 47 45 48 45 49 45 50 45 51 45 51 47 46 47
5 5 50 42 51 42 51 45 50 45 50 44
6 19 50 0 51 0 51 42 50 42 50 40 50 38 50 37 50 34 50 33 50 32 50 31 50 30 50 29 50 28 50 26 50 24 50 21 50 18 50 7
7 4 49 44 50 44 50 45 49 45
8 4 48 44 49 44 49 45 48 45
9 7 48 40 50 40 50 42 50 44 49 44 48 44 48 41
10 5 48 38 50 38 50 40 48 40 48 39
11 4 48 37 50 37 50 38 48 38
12 5 47 41 48 41 48 44 48 45 47 45
13 4 46 41 47 41 47 45 46 45
14 6 46 39 48 39 48 40 48 41 47 41 46 41
15 7 45 39 46 39 46 41 46 45 46 47 45 47 45 46
16 6 45 37 48 37 48 38 48 39 46 39 45 39
17 5 45 34 50 34 50 37 48 37 45 37
18 4 44 46 45 46 45 47 44 47
19 6 44 34 45 34 45 37 45 39 45 46 44 46
20 5 44 33 50 33 50 34 45 34 44 34
21 6 43 33 44 33 44 34 44 46 44 47 43 47
22 5 43 32 50 32 50 33 44 33 43 33
23 6 42 32 43 32 43 33 43 47 42 47 42 35
24 5 42 31 50 31 50 32 43 32 42 32
25 4 41 35 42 35 42 47 41 47
26 6 40 35 41 35 41 47 41 48 41 49 40 49
27 4 39 35 40 35 40 49 39 49
28 7 39 31 42 31 42 32 42 35 41 35 40 35 39 35
29 6 38 31 39 31 39 35 39 49 38 49 38 43
30 6 38 30 50 30 50 31 42 31 39 31 38 31
31 4 34 43 38 43 38 49 34 49
32 5 34 30 38 30 38 31 38 43 34 43
33 8 34 29 35 29 36 29 37 29 50 29 50 30 38 30 34 30
34 7 30 29 33 29 34 29 34 30 34 43 34 49 30 49
35 4 37 28 50 28 50 29 37 29
36 4 37 26 50 26 50 28 37 28
37 4 37 24 50 24 50 26 37 26
38 6 36 24 37 24 37 26 37 28 37 29 36 29
39 5 35 24 36 24 36 29 35 29 35 25
40 6 35 21 50 21 50 24 37 24 36 24 35 24
41 5 33 25 35 25 35 29 34 29 33 29
42 4 30 25 33 25 33 29 30 29
43 7 27 25 28 25 29 25 30 25 30 29 30 49 27 49
44 8 29 21 32 21 35 21 35 24 35 25 33 25 30 25 29 25
45 6 32 18 50 18 50 21 35 21 32 21 32 19
46 6 32 7 50 7 50 18 32 18 32 11 32 9
47 4 29 19 32 19 32 21 29 21
48 7 29 11 32 11 32 18 32 19 29 19 29 13 29 12
49 8 28 13 29 13 29 19 29 21 29 25 28 25 28 17 28 14
50 4 27 17 28 17 28 25 27 25
51 5 27 14 28 14 28 17 27 17 27 15
52 8 25 15 27 15 27 17 27 25 27 49 25 49 25 20 25 16
53 5 23 20 25 20 25 49 23 49 23 22
54 6 22 22 23 22 23 49 22 49 22 27 22 23
55 5 21 27 22 27 22 49 21 49 21 36
56 4 19 36 21 36 21 49 19 49
57 6 0 36 1 36 17 36 19 36 19 49 0 49
58 5 17 27 21 27 21 36 19 36 17 36
59 5 1 27 2 27 17 27 17 36 1 36
60 9 2 23 3 23 13 23 14 23 22 23 22 27 21 27 17 27 2 27
61 7 14 22 15 22 18 22 20 22 22 22 22 23 14 23
62 5 20 20 23 20 23 22 22 22 20 22
63 4 18 20 20 20 20 22 18 22
64 4 15 20 18 20 18 22 15 22
65 8 15 16 24 16 25 16 25 20 23 20 20 20 18 20 15 20
66 5 14 16 15 16 15 20 15 22 14 22
67 5 13 16 14 16 14 22 14 23 13 23
68 4 24 15 25 15 25 16 24 16
69 6 13 15 24 15 24 16 15 16 14 16 13 16
70 6 3 15 4 15 13 15 13 16 13 23 3 23
71 7 4 14 27 14 27 15 25 15 24 15 13 15 4 15
72 8 4 13 5 13 9 13 26 13 28 13 28 14 27 14 4 14
73 5 26 12 29 12 29 13 28 13 26 13
74 4 26 11 29 11 29 12 26 12
75 6 9 11 10 11 26 11 26 12 26 13 9 13
76 7 10 9 31 9 32 9 32 11 29 11 26 11 10 11
77 4 31 7 32 7 32 9 31 9
78 6 31 0 50 0 50 7 32 7 31 7 31 6
79 8 10 6 11 6 12 6 16 6 31 6 31 7 31 9 10 9
80 4 16 0 31 0 31 6 16 6
81 6 12 0 16 0 16 6 12 6 12 4 12 2
82 5 11 4 12 4 12 6 11 6 11 5
83 4 10 5 11 5 11 6 10 6
84 6 9 5 10 5 10 6 10 9 10 11 9 11
85 5 5 5 9 5 9 11 9 13 5 13
86 7 5 4 8 4 11 4 11 5 10 5 9 5 5 5
87 6 8 2 12 2 12 4 11 4 8 4 8 3
88 4 8 0 12 0 12 2 8 2
89 6 5 3 6 3 7 3 8 3 8 4 5 4
90 6 4 3 5 3 5 4 5 5 5 13 4 13
91 5 7 0 8 0 8 2 8 3 7 3
92 5 6 0 7 0 7 3 6 3 6 1
93 5 4 1 6 1 6 3 5 3 4 3
94 7 3 1 4 1 4 3 4 13 4 14 4 15 3 15
95 5 3 0 6 0 6 1 4 1 3 1
96 7 2 0 3 0 3 1 3 15 3 23 2 23 2 8
97 6 1 8 2 8 2 23 2 27 1 27 1 10
98 4 1 0 2 0 2 8 1 8
99 5 0 10 1 10 1 27 1 36 0 36
100 5 0 0 1 0 1 8 1 10 0 10
100
1 14 0 51 13 51 15 51 18 51 19 51 20 51 21 51 22 51 23 51 42 51 47 51 49 51 49 52 0 52
2 5 47 50 48 50 49 50 49 51 47 51
3 24 48 0 49 0 49 50 48 50 48 49 48 48 48 47 48 46 48 44 48 43 48 41 48 39 48 38 48 37 48 32 48 29 48 24 48 14 48 10 48 9 48 8 48 7 48 6 48 1
4 4 47 49 48 49 48 50 47 50
5 6 42 49 46 49 47 49 47 50 47 51 42 51
6 10 23 49 24 49 25 49 35 49 37 49 38 49 40 49 42 49 42 51 23 51
7 5 46 48 48 48 48 49 47 49 46 49
8 7 40 48 41 48 43 48 46 48 46 49 42 49 40 49
9 5 43 47 48 47 48 48 46 48 43 48
10 6 43 46 44 46 45 46 48 46 48 47 43 47
11 4 45 44 48 44 48 46 45 46
12 4 44 44 45 44 45 46 44 46
13 5 44 43 48 43 48 44 45 44 44 44
14 5 43 43 44 43 44 44 44 46 43 46
15 5 43 41 48 41 48 43 44 43 43 43
16 7 41 41 43 41 43 43 43 46 43 47 43 48 41 48
17 4 40 41 41 41 41 48 40 48
18 6 40 39 48 39 48 41 43 41 41 41 40 41
19 6 38 39 40 39 40 41 40 48 40 49 38 49
20 5 38 38 48 38 48 39 40 39 38 39
21 5 38 37 39 37 48 37 48 38 38 38
22 5 39 32 48 32 48 37 39 37 39 34
23 5 39 29 48 29 48 32 39 32 39 30
24 4 38 34 39 34 39 37 38 37
25 8 37 34 38 34 38 37 38 38 38 39 38 49 37 49 37 35
26 4 35 35 37 35 37 49 35 49
27 8 25 35 26 35 30 35 31 35 34 35 35 35 35 49 25 49
28 5 34 34 37 34 37 35 35 35 34 35
29 5 31 34 32 34 34 34 34 35 31 35
30 8 32 30 39 30 39 32 39 34 38 34 37 34 34 34 32 34
31 5 32 29 33 29 39 29 39 30 32 30
32 5 31 29 32 29 32 30 32 34 31 34
33 7 33 24 36 24 48 24 48 29 39 29 33 29 33 26
34 6 36 14 48 14 48 24 36 24 36 22 36 21
35 4 33 22 36 22 36 24 33 24
36 5 31 26 33 26 33 29 32 29 31 29
37 7 30 26 31 26 31 29 31 34 31 35 30 35 30 31
38 6 26 31 27 31 28 31 30 31 30 35 26 35
39 4 28 26 30 26 30 31 28 31
40 4 27 26 28 26 28 31 27 31
41 8 27 22 33 22 33 24 33 26 31 26 30 26 28 26 27 26
42 6 27 21 29 21 36 21 36 22 33 22 27 22
43 6 26 21 27 21 27 22 27 26 27 31 26 31
44 5 29 14 36 14 36 21 29 21 29 15
45 6 29 10 48 10 48 14 36 14 29 14 29 13
46 6 26 15 29 15 29 21 27 21 26 21 26 16
47 9 25 16 26 16 26 21 26 31 26 35 25 35 25 19 25 18 25 17
48 6 24 19 25 19 25 35 25 49 24 49 24 42
49 4 23 42 24 42 24 49 23 49
50 5 22 42 23 42 23 49 23 51 22 51
51 4 21 42 22 42 22 51 21 51
52 6 21 19 24 19 24 42 23 42 22 42 21 42
53 7 20 19 21 19 21 42 21 51 20 51 20 23 20 20
54 5 19 23 20 23 20 51 19 51 19 40
55 4 18 40 19 40 19 51 18 51
56 4 18 23 19 23 19 40 18 40
57 7 15 23 16 23 18 23 18 40 18 51 15 51 15 45
58 7 16 20 17 20 20 20 20 23 19 23 18 23 16 23
59 4 17 19 20 19 20 20 17 20
60 7 17 18 25 18 25 19 24 19 21 19 20 19 17 19
61 4 17 17 25 17 25 18 17 18
62 6 16 17 17 17 17 18 17 19 17 20 16 20
63 5 15 17 16 17 16 20 16 23 15 23
64 4 13 45 15 45 15 51 13 51
65 10 0 45 2 45 6 45 7 45 9 45 10 45 12 45 13 45 13 51 0 51
66 11 12 17 14 17 15 17 15 23 15 45 13 45 12 45 12 36 12 28 12 27 12 25
67 7 14 16 25 16 25 17 17 17 16 17 15 17 14 17
68 4 12 16 14 16 14 17 12 17
69 6 12 15 26 15 26 16 25 16 14 16 12 16
70 4 10 36 12 36 12 45 10 45
71 4 10 28 12 28 12 36 10 36
72 4 10 27 12 27 12 28 10 28
73 6 9 27 10 27 10 28 10 36 10 45 9 45
74 4 7 27 9 27 9 45 7 45
75 6 7 25 12 25 12 27 10 27 9 27 7 27
76 6 6 25 7 25 7 27 7 45 6 45 6 33
77 4 2 33 6 33 6 45 2 45
78 4 0 33 2 33 2 45 0 45
79 6 0 25 3 25 6 25 6 33 2 33 0 33
80 8 3 15 12 15 12 16 12 17 12 25 7 25 6 25 3 25
81 9 3 13 5 13 8 13 29 13 29 14 29 15 26 15 12 15 3 15
82 6 8 10 29 10 29 13 8 13 8 12 8 11
83 5 8 9 48 9 48 10 29 10 8 10
84 4 5 12 8 12 8 13 5 13
85 4 3 12 5 12 5 13 3 13
86 6 0 12 3 12 3 13 3 15 3 25 0 25
87 6 0 11 8 11 8 12 5 12 3 12 0 12
88 6 0 9 1 9 8 9 8 10 8 11 0 11
89 5 1 8 48 8 48 9 8 9 1 9
90 5 1 7 4 7 48 7 48 8 1 8
91 5 4 6 11 6 48 6 48 7 4 7
92 7 11 1 48 1 48 6 11 6 11 5 11 3 11 2
93 4 4 5 11 5 11 6 4 6
94 5 4 3 11 3 11 5 4 5 4 4
95 6 1 4 4 4 4 5 4 6 4 7 1 7
96 6 0 4 1 4 1 7 1 8 1 9 0 9
97 5 0 3 4 3 4 4 1 4 0 4
98 5 0 2 11 2 11 3 4 3 0 3
99 4 0 1 11 1 11 2 0 2
100 5 0 0 48 0 48 1 11 1 0 1
100
1 28 0 45 3 45 4 45 5 45 8 45 9 45 10 45 13 45 14 45 15 45 16 45 17 45 23 45 26 45 27 45 30 45 34 45 35 45 36 45 37 45 41 45 42 45 44 45 52 45 53 45 55 45 55 46 0 46
2 5 53 44 54 44 55 44 55 45 53 45
3 9 54 0 55 0 55 44 54 44 54 18 54 13 54 12 54 6 54 1
4 5 53 18 54 18 54 44 53 44 53 36
5 6 52 36 53 36 53 44 53 45 52 45 52 43
6 10 44 43 45 43 46 43 47 43 48 43 49 43 51 43 52 43 52 45 44 45
7 5 51 36 52 36 52 43 51 43 51 41
8 7 51 18 53 18 53 36 52 36 51 36 51 31 51 30
9 5 49 41 50 41 51 41 51 43 49 43
10 5 48 41 49 41 49 43 48 43 48 42
11 4 47 42 48 42 48 43 47 43
12 4 46 42 47 42 47 43 46 43
13 5 46 41 48 41 48 42 47 42 46 42
14 6 50 31 51 31 51 36 51 41 50 41 50 40
15 6 46 40 50 40 50 41 49 41 48 41 46 41
16 6 45 40 46 40 46 41 46 42 46 43 45 43
17 6 45 31 50 31 50 40 46 40 45 40 45 35
18 6 44 35 45 35 45 40 45 43 44 43 44 39
19 5 42 39 44 39 44 43 44 45 42 45
20 4 41 39 42 39 42 45 41 45
21 6 41 35 43 35 44 35 44 39 42 39 41 39
22 6 37 35 39 35 41 35 41 39 41 45 37 45
23 5 43 31 45 31 45 35 44 35 43 35
24 6 43 30 51 30 51 31 50 31 45 31 43 31
25 6 39 30 43 30 43 31 43 35 41 35 39 35
26 6 37 30 38 30 39 30 39 35 37 35 37 34
27 9 38 18 40 18 51 18 51 30 43 30 39 30 38 30 38 22 38 19
28 8 40 13 54 13 54 18 53 18 51 18 40 18 40 16 40 14
29 4 38 16 40 16 40 18 38 18
30 4 37 22 38 22 38 30 37 30
31 5 36 34 37 34 37 35 37 45 36 45
32 4 35 34 36 34 36 45 35 45
33 5 34 34 35 34 35 45 34 45 34 37
34 7 30 37 31 37 32 37 33 37 34 37 34 45 30 45
35 4 27 37 30 37 30 45 27 45
36 4 33 34 34 34 34 37 33 37
37 8 33 22 37 22 37 30 37 34 36 34 35 34 34 34 33 34
38 5 32 22 33 22 33 34 33 37 32 37
39 7 32 19 38 19 38 22 37 22 33 22 32 22 32 20
40 7 31 20 32 20 32 22 32 37 31 37 31 26 31 21
41 5 27 26 31 26 31 37 30 37 27 37
42 5 26 26 27 26 27 37 27 45 26 45
43 5 23 26 24 26 26 26 26 45 23 45
44 9 17 26 19 26 20 26 21 26 22 26 23 26 23 45 17 45 17 38
45 7 24 21 25 21 31 21 31 26 27 26 26 26 24 26
46 5 25 20 28 20 31 20 31 21 25 21
47 5 28 19 32 19 32 20 31 20 28 20
48 7 28 16 38 16 38 18 38 19 32 19 28 19 28 17
49 5 25 17 28 17 28 19 28 20 25 20
50 4 25 16 28 16 28 17 25 17
51 7 25 14 29 14 40 14 40 16 38 16 28 16 25 16
52 7 24 14 25 14 25 16 25 17 25 20 25 21 24 21
53 6 22 14 24 14 24 21 24 26 23 26 22 26
54 4 29 13 40 13 40 14 29 14
55 6 22 13 29 13 29 14 25 14 24 14 22 14
56 6 22 12 54 12 54 13 40 13 29 13 22 13
57 7 21 12 22 12 22 13 22 14 22 26 21 26 21 23
58 5 21 6 54 6 54 12 22 12 21 12
59 4 20 23 21 23 21 26 20 26
60 5 19 23 20 23 20 26 19 26 19 25
61 5 17 25 18 25 19 25 19 26 17 26
62 4 18 23 19 23 19 25 18 25
63 7 18 6 21 6 21 12 21 23 20 23 19 23 18 23
64 8 18 1 54 1 54 6 21 6 18 6 18 4 18 3 18 2
65 8 17 4 18 4 18 6 18 23 18 25 17 25 17 7 17 5
66 4 16 38 17 38 17 45 16 45
67 7 16 7 17 7 17 25 17 26 17 38 16 38 16 11
68 5 15 11 16 11 16 38 16 45 15 45
69 4 14 11 15 11 15 45 14 45
70 5 14 7 16 7 16 11 15 11 14 11
71 7 13 7 14 7 14 11 14 45 13 45 13 24 13 15
72 6 13 5 17 5 17 7 16 7 14 7 13 7
73 6 10 24 11 24 12 24 13 24 13 45 10 45
74 4 12 15 13 15 13 24 12 24
75 4 11 15 12 15 12 24 11 24
76 4 10 15 11 15 11 24 10 24
77 7 10 5 13 5 13 7 13 15 12 15 11 15 10 15
78 10 9 5 10 5 10 15 10 24 10 45 9 45 9 33 9 29 9 27 9 9
79 6 9 4 17 4 17 5 13 5 10 5 9 5
80 5 9 3 18 3 18 4 17 4 9 4
81 4 8 33 9 33 9 45 8 45
82 5 8 29 9 29 9 33 8 33 8 32
83 6 5 32 6 32 8 32 8 33 8 45 5 45
84 4 6 29 8 29 8 32 6 32
85 6 6 27 9 27 9 29 8 29 6 29 6 28
86 5 5 28 6 28 6 29 6 32 5 32
87 5 4 28 5 28 5 32 5 45 4 45
88 5 4 27 6 27 6 28 5 28 4 28
89 5 3 27 4 27 4 28 4 45 3 45
90 8 3 9 7 9 9 9 9 27 6 27 4 27 3 27 3 10
91 5 0 10 3 10 3 27 3 45 0 45
92 6 0 9 1 9 2 9 3 9 3 10 0 10
93 6 7 3 9 3 9 4 9 5 9 9 7 9
94 6 2 3 7 3 7 9 3 9 2 9 2 8
95 6 2 2 18 2 18 3 9 3 7 3 2 3
96 4 1 8 2 8 2 9 1 9
97 4 0 8 1 8 1 9 0 9
98 6 0 2 2 2 2 3 2 8 1 8 0 8
99 5 0 1 18 1 18 2 2 2 0 2
100 5 0 0 54 0 54 1 18 1 0 1
100
1 21 44 0 45 0 45 56 44 56 44 52 44 47 44 46 44 45 44 32 44 31 44 30 44 28 44 27 44 25 44 24 44 21 44 20 44 19 44 18 44 16 44 10
2 5 43 52 44 52 44 56 43 56 43 55
3 9 0 55 1 55 14 55 19 55 40 55 42 55 43 55 43 56 0 56
4 4 42 52 43 52 43 55 42 55
5 8 42 47 44 47 44 52 43 52 42 52 42 51 42 50 42 48
6 7 40 51 42 51 42 52 42 55 40 55 40 54 40 53
7 6 19 54 35 54 38 54 40 54 40 55 19 55
8 4 38 53 40 53 40 54 38 54
9 4 38 51 40 51 40 53 38 53
10 6 38 50 39 50 42 50 42 51 40 51 38 51
11 6 35 50 38 50 38 51 38 53 38 54 35 54
12 5 39 48 42 48 42 50 39 50 39 49
13 6 35 49 37 49 39 49 39 50 38 50 35 50
14 4 37 48 39 48 39 49 37 49
15 5 37 47 42 47 42 48 39 48 37 48
16 5 37 46 44 46 44 47 42 47 37 47
17 7 35 46 36 46 37 46 37 47 37 48 37 49 35 49
18 7 19 46 20 46 35 46 35 49 35 50 35 54 19 54
19 5 36 45 44 45 44 46 37 46 36 46
20 7 20 45 29 45 34 45 36 45 36 46 35 46 20 46
21 12 34 32 44 32 44 45 36 45 34 45 34 44 34 43 34 42 34 40 34 39 34 35 34 34
22 4 29 44 34 44 34 45 29 45
23 4 20 44 29 44 29 45 20 45
24 10 20 43 22 43 23 43 25 43 27 43 32 43 34 43 34 44 29 44 20 44
25 4 32 42 34 42 34 43 32 43
26 5 32 40 34 40 34 42 32 42 32 41
27 5 27 41 32 41 32 42 32 43 27 43
28 5 27 40 31 40 32 40 32 41 27 41
29 5 31 39 34 39 34 40 32 40 31 40
30 5 27 39 28 39 31 39 31 40 27 40
31 6 28 35 30 35 34 35 34 39 31 39 28 39
32 4 30 34 34 34 34 35 30 35
33 4 28 34 30 34 30 35 28 35
34 5 27 34 28 34 28 35 28 39 27 39
35 7 27 32 34 32 34 34 30 34 28 34 27 34 27 33
36 8 25 33 27 33 27 34 27 39 27 40 27 41 27 43 25 43
37 5 23 33 25 33 25 43 23 43 23 36
38 4 22 36 23 36 23 43 22 43
39 4 20 36 22 36 22 43 20 43
40 9 19 36 20 36 20 43 20 44 20 45 20 46 19 46 19 38 19 37
41 6 14 38 19 38 19 46 19 54 19 55 14 55
42 4 14 37 19 37 19 38 14 38
43 8 1 37 2 37 10 37 11 37 14 37 14 38 14 55 1 55
44 6 11 36 13 36 19 36 19 37 14 37 11 37
45 4 10 36 11 36 11 37 10 37
46 8 13 33 21 33 23 33 23 36 22 36 20 36 19 36 13 36
47 6 21 32 27 32 27 33 25 33 23 33 21 33
48 6 21 31 44 31 44 32 34 32 27 32 21 32
49 6 13 31 16 31 21 31 21 32 21 33 13 33
50 6 10 31 13 31 13 33 13 36 11 36 10 36
51 8 16 30 17 30 18 30 33 30 44 30 44 31 21 31 16 31
52 4 33 28 44 28 44 30 33 30
53 4 33 27 44 27 44 28 33 28
54 5 18 27 33 27 33 28 33 30 18 30
55 5 18 25 44 25 44 27 33 27 18 27
56 4 18 24 44 24 44 25 18 25
57 5 18 21 44 21 44 24 18 24 18 23
58 7 17 23 18 23 18 24 18 25 18 27 18 30 17 30
59 4 17 21 18 21 18 23 17 23
60 6 17 20 41 20 44 20 44 21 18 21 17 21
61 7 16 20 17 20 17 21 17 23 17 30 16 30 16 26
62 4 41 19 44 19 44 20 41 20
63 4 41 18 44 18 44 19 41 19
64 4 41 16 44 16 44 18 41 18
65 7 41 10 44 10 44 16 41 16 41 15 41 12 41 11
66 9 16 15 26 15 41 15 41 16 41 18 41 19 41 20 17 20 16 20
67 7 10 26 16 26 16 30 16 31 13 31 10 31 10 29
68 8 2 29 3 29 8 29 10 29 10 31 10 36 10 37 2 37
69 4 8 26 10 26 10 29 8 29
70 7 8 15 16 15 16 20 16 26 10 26 8 26 8 22
71 6 26 12 41 12 41 15 26 15 26 14 26 13
72 4 26 11 41 11 41 12 26 12
73 7 8 14 9 14 12 14 26 14 26 15 16 15 8 15
74 8 3 22 4 22 5 22 6 22 8 22 8 26 8 29 3 29
75 5 6 14 8 14 8 15 8 22 6 22
76 4 12 13 26 13 26 14 12 14
77 4 9 13 12 13 12 14 9 14
78 5 6 13 9 13 9 14 8 14 6 14
79 8 6 11 24 11 26 11 26 12 26 13 12 13 9 13 6 13
80 6 5 11 6 11 6 13 6 14 6 22 5 22
81 5 24 10 41 10 41 11 26 11 24 11
82 9 24 0 44 0 44 10 41 10 24 10 24 9 24 8 24 7 24 4
83 6 5 9 24 9 24 10 24 11 6 11 5 11
84 4 5 8 24 8 24 9 5 9
85 6 5 7 7 7 15 7 24 7 24 8 5 8
86 8 4 7 5 7 5 8 5 9 5 11 5 22 4 22 4 17
87 6 15 4 24 4 24 7 15 7 15 6 15 5
88 7 15 0 24 0 24 4 15 4 15 3 15 2 15 1
89 4 7 6 15 6 15 7 7 7
90 5 4 6 7 6 7 7 5 7 4 7
91 5 4 5 15 5 15 6 7 6 4 6
92 5 4 3 15 3 15 4 15 5 4 5
93 4 3 17 4 17 4 22 3 22
94 5 2 17 3 17 3 22 3 29 2 29
95 8 2 3 4 3 4 5 4 6 4 7 4 17 3 17 2 17
96 6 1 3 2 3 2 17 2 29 2 37 1 37
97 6 1 2 15 2 15 3 4 3 2 3 1 3
98 6 0 2 1 2 1 3 1 37 1 55 0 55
99 5 0 1 15 1 15 2 1 2 0 2
100 4 0 0 15 0 15 1 0 1
100
1 21 46 0 47 0 47 54 46 54 46 44 46 28 46 26 46 25 46 23 46 22 46 21 46 20 46 13 46 9 46 8 46 7 46 6 46 5 46 4 46 3 46 1
2 9 44 44 46 44 46 54 44 54 44 53 44 52 44 51 44 50 44 49
3 5 42 53 43 53 44 53 44 54 42 54
4 20 0 53 6 53 9 53 11 53 12 53 14 53 16 53 17 53 23 53 26 53 28 53 31 53 32 53 33 53 34 53 35 53 40 53 42 53 42 54 0 54
5 4 43 52 44 52 44 53 43 53
6 4 43 51 44 51 44 52 43 52
7 6 40 51 43 51 43 52 43 53 42 53 40 53
8 4 35 51 40 51 40 53 35 53
9 9 35 50 36 50 38 50 41 50 44 50 44 51 43 51 40 51 35 51
10 4 41 49 44 49 44 50 41 50
11 4 38 49 41 49 41 50 38 50
12 7 38 44 39 44 44 44 44 49 41 49 38 49 38 46
13 6 39 28 46 28 46 44 44 44 39 44 39 31
14 8 38 31 39 31 39 44 38 44 38 43 38 42 38 41 38 35
15 5 36 46 38 46 38 49 38 50 36 50
16 6 36 43 37 43 38 43 38 44 38 46 36 46
17 5 35 43 36 43 36 46 36 50 35 50
18 6 34 43 35 43 35 50 35 51 35 53 34 53
19 4 33 43 34 43 34 53 33 53
20 4 37 42 38 42 38 43 37 43
21 4 37 41 38 41 38 42 37 42
22 4 37 35 38 35 38 41 37 41
23 12 33 35 37 35 37 41 37 42 37 43 36 43 35 43 34 43 33 43 33 39 33 37 33 36
24 5 32 39 33 39 33 43 33 53 32 53
25 4 32 37 33 37 33 39 32 39
26 7 31 37 32 37 32 39 32 53 31 53 31 45 31 40
27 5 28 45 31 45 31 53 28 53 28 47
28 5 28 40 30 40 31 40 31 45 28 45
29 4 26 47 28 47 28 53 26 53
30 5 26 40 28 40 28 45 28 47 26 47
31 4 30 37 31 37 31 40 30 40
32 6 30 36 33 36 33 37 32 37 31 37 30 37
33 7 26 36 29 36 30 36 30 37 30 40 28 40 26 40
34 6 23 36 26 36 26 40 26 47 26 53 23 53
35 5 17 36 21 36 23 36 23 53 17 53
36 5 29 35 33 35 33 36 30 36 29 36
37 9 21 35 22 35 24 35 27 35 29 35 29 36 26 36 23 36 21 36
38 8 27 31 38 31 38 35 37 35 33 35 29 35 27 35 27 34
39 4 24 34 27 34 27 35 24 35
40 4 22 34 24 34 24 35 22 35
41 7 22 31 27 31 27 34 24 34 22 34 22 33 22 32
42 7 22 28 39 28 39 31 38 31 27 31 22 31 22 29
43 5 21 33 22 33 22 34 22 35 21 35
44 6 17 33 20 33 21 33 21 35 21 36 17 36
45 6 16 33 17 33 17 36 17 53 16 53 16 38
46 5 20 32 22 32 22 33 21 33 20 33
47 6 16 32 19 32 20 32 20 33 17 33 16 33
48 5 14 38 16 38 16 53 14 53 14 48
49 4 12 48 14 48 14 53 12 53
50 4 12 38 14 38 14 48 12 48
51 5 11 38 12 38 12 48 12 53 11 53
52 4 9 38 11 38 11 53 9 53
53 9 9 32 13 32 16 32 16 33 16 38 14 38 12 38 11 38 9 38
54 5 6 32 9 32 9 38 9 53 6 53
55 7 19 29 22 29 22 31 22 32 20 32 19 32 19 30
56 4 19 28 22 28 22 29 19 29
57 7 19 26 46 26 46 28 39 28 22 28 19 28 19 27
58 6 13 30 15 30 19 30 19 32 16 32 13 32
59 7 15 27 18 27 19 27 19 28 19 29 19 30 15 30
60 4 18 26 19 26 19 27 18 27
61 5 18 25 46 25 46 26 19 26 18 26
62 5 18 23 46 23 46 25 18 25 18 24
63 5 18 22 45 22 46 22 46 23 18 23
64 6 15 24 18 24 18 25 18 26 18 27 15 27
65 5 13 24 15 24 15 27 15 30 13 30
66 6 6 24 13 24 13 30 13 32 9 32 6 32
67 5 0 24 6 24 6 32 6 53 0 53
68 8 0 22 18 22 18 23 18 24 15 24 13 24 6 24 0 24
69 4 45 21 46 21 46 22 45 22
70 4 45 20 46 20 46 21 45 21
71 8 0 20 3 20 8 20 45 20 45 21 45 22 18 22 0 22
72 8 8 13 46 13 46 20 45 20 8 20 8 19 8 17 8 15
73 6 3 19 4 19 5 19 8 19 8 20 3 20
74 4 5 17 8 17 8 19 5 19
75 4 4 17 5 17 5 19 4 19
76 5 4 15 8 15 8 17 5 17 4 17
77 4 4 13 8 13 8 15 4 15
78 9 4 9 7 9 46 9 46 13 8 13 4 13 4 12 4 11 4 10
79 9 3 12 4 12 4 13 4 15 4 17 4 19 3 19 3 18 3 14
80 6 0 18 2 18 3 18 3 19 3 20 0 20
81 5 2 14 3 14 3 18 2 18 2 16
82 5 0 16 1 16 2 16 2 18 0 18
83 4 1 14 2 14 2 16 1 16
84 5 1 12 3 12 3 14 2 14 1 14
85 5 1 11 4 11 4 12 3 12 1 12
86 6 0 11 1 11 1 12 1 14 1 16 0 16
87 5 0 10 4 10 4 11 1 11 0 11
88 4 0 9 4 9 4 10 0 10
89 4 7 8 46 8 46 9 7 9
90 4 7 7 46 7 46 8 7 8
91 4 7 6 46 6 46 7 7 7
92 6 7 5 10 5 25 5 46 5 46 6 7 6
93 4 25 4 46 4 46 5 25 5
94 4 25 3 46 3 46 4 25 4
95 4 25 1 46 1 46 3 25 3
96 7 10 1 25 1 25 3 25 4 25 5 10 5 10 2
97 5 10 0 46 0 46 1 25 1 10 1
98 4 7 2 10 2 10 5 7 5
99 9 0 2 7 2 7 5 7 6 7 7 7 8 7 9 4 9 0 9
100 6 0 0 10 0 10 1 10 2 7 2 0 2
