5
50
1 9 0 24 1 24 2 24 7 24 9 24 25 24 26 24 26 25 0 25
2 17 25 0 26 0 26 24 25 24 25 23 25 12 25 11 25 10 25 9 25 8 25 7 25 6 25 5 25 4 25 3 25 2 25 1
3 9 9 23 11 23 12 23 17 23 20 23 24 23 25 23 25 24 9 24
4 8 24 12 25 12 25 23 24 23 24 22 24 18 24 16 24 14
5 6 20 22 21 22 22 22 24 22 24 23 20 23
6 4 17 22 20 22 20 23 17 23
7 5 12 22 13 22 17 22 17 23 12 23
8 5 22 18 24 18 24 22 22 22 22 20
9 4 21 20 22 20 22 22 21 22
10 8 13 20 14 20 19 20 21 20 21 22 20 22 17 22 13 22
11 5 19 18 22 18 22 20 21 20 19 20
12 4 14 18 19 18 19 20 14 20
13 4 13 18 14 18 14 20 13 20
14 8 13 16 16 16 24 16 24 18 22 18 19 18 14 18 13 18
15 6 12 16 13 16 13 18 13 20 13 22 12 22
16 6 16 14 18 14 24 14 24 16 16 16 16 15
17 5 12 15 16 15 16 16 13 16 12 16
18 7 11 15 12 15 12 16 12 22 12 23 11 23 11 17
19 5 9 17 11 17 11 23 9 23 9 21
20 5 7 21 9 21 9 23 9 24 7 24
21 5 2 21 4 21 7 21 7 24 2 24
22 4 1 21 2 21 2 24 1 24
23 4 0 21 1 21 1 24 0 24
24 7 4 17 6 17 9 17 9 21 7 21 4 21 4 19
25 7 0 19 3 19 4 19 4 21 2 21 1 21 0 21
26 4 3 17 4 17 4 19 3 19
27 5 6 15 11 15 11 17 9 17 6 17
28 5 3 15 6 15 6 17 4 17 3 17
29 7 3 14 16 14 16 15 12 15 11 15 6 15 3 15
30 5 18 12 24 12 24 14 18 14 18 13
31 5 3 13 18 13 18 14 16 14 3 14
32 7 0 13 3 13 3 14 3 15 3 17 3 19 0 19
33 6 0 12 8 12 18 12 18 13 3 13 0 13
34 6 8 11 25 11 25 12 24 12 18 12 8 12
35 5 8 10 23 10 25 10 25 11 8 11
36 4 23 9 25 9 25 10 23 10
37 4 23 8 25 8 25 9 23 9
38 5 8 8 23 8 23 9 23 10 8 10
39 5 8 7 25 7 25 8 23 8 8 8
40 7 0 7 8 7 8 8 8 10 8 11 8 12 0 12
41 6 0 6 5 6 25 6 25 7 8 7 0 7
42 4 5 5 25 5 25 6 5 6
43 5 5 4 10 4 25 4 25 5 5 5
44 4 10 3 25 3 25 4 10 4
45 4 10 2 25 2 25 3 10 3
46 5 5 2 10 2 10 3 10 4 5 4
47 6 5 1 15 1 25 1 25 2 10 2 5 2
48 4 15 0 25 0 25 1 15 1
49 4 5 0 15 0 15 1 5 1
50 8 0 0 5 0 5 1 5 2 5 4 5 5 5 6 0 6
50
1 7 0 26 16 26 19 26 23 26 24 26 24 27 0 27
2 13 23 0 24 0 24 26 23 26 23 25 23 24 23 23 23 21 23 20 23 19 23 18 23 10 23 9
3 4 19 25 23 25 23 26 19 26
4 5 19 24 20 24 23 24 23 25 19 25
5 5 20 23 21 23 23 23 23 24 20 24
6 5 21 21 23 21 23 23 21 23 21 22
7 4 20 22 21 22 21 23 20 23
8 4 20 21 21 21 21 22 20 22
9 6 20 20 22 20 23 20 23 21 21 21 20 21
10 7 19 20 20 20 20 21 20 22 20 23 20 24 19 24
11 7 16 20 17 20 19 20 19 24 19 25 19 26 16 26
12 4 22 19 23 19 23 20 22 20
13 7 17 19 18 19 22 19 22 20 20 20 19 20 17 20
14 5 18 18 23 18 23 19 22 19 18 19
15 4 18 10 23 10 23 18 18 18
16 6 17 10 18 10 18 18 18 19 17 19 17 11
17 9 16 11 17 11 17 19 17 20 16 20 16 17 16 16 16 15 16 12
18 5 0 17 16 17 16 20 16 26 0 26
19 4 0 16 16 16 16 17 0 17
20 5 0 15 15 15 16 15 16 16 0 16
21 5 15 12 16 12 16 15 15 15 15 14
22 6 0 14 1 14 14 14 15 14 15 15 0 15
23 5 14 12 15 12 15 14 14 14 14 13
24 8 1 13 4 13 6 13 7 13 13 13 14 13 14 14 1 14
25 4 13 12 14 12 14 13 13 13
26 6 13 11 16 11 16 12 15 12 14 12 13 12
27 5 13 10 17 10 17 11 16 11 13 11
28 6 13 9 23 9 23 10 18 10 17 10 13 10
29 5 13 0 23 0 23 9 13 9 13 8
30 12 7 8 8 8 10 8 11 8 12 8 13 8 13 9 13 10 13 11 13 12 13 13 7 13
31 5 12 0 13 0 13 8 12 8 12 4
32 4 11 4 12 4 12 8 11 8
33 4 10 4 11 4 11 8 10 8
34 5 8 4 9 4 10 4 10 8 8 8
35 8 9 0 12 0 12 4 11 4 10 4 9 4 9 2 9 1
36 5 8 2 9 2 9 4 8 4 8 3
37 6 7 3 8 3 8 4 8 8 7 8 7 5
38 6 6 5 7 5 7 8 7 13 6 13 6 6
39 5 4 6 6 6 6 13 4 13 4 7
40 4 4 5 6 5 6 6 4 6
41 4 1 7 4 7 4 13 1 13
42 7 1 5 2 5 3 5 4 5 4 6 4 7 1 7
43 6 3 3 7 3 7 5 6 5 4 5 3 5
44 5 3 2 8 2 8 3 7 3 3 3
45 6 3 1 5 1 9 1 9 2 8 2 3 2
46 6 2 1 3 1 3 2 3 3 3 5 2 5
47 4 1 1 2 1 2 5 1 5
48 7 0 1 1 1 1 5 1 7 1 13 1 14 0 14
49 4 5 0 9 0 9 1 5 1
50 7 0 0 5 0 5 1 3 1 2 1 1 1 0 1
50
1 6 0 32 14 32 17 32 18 32 18 33 0 33
2 5 17 29 18 29 18 32 17 32 17 30
3 22 17 0 18 0 18 29 17 29 17 26 17 25 17 24 17 23 17 22 17 20 17 19 17 16 17 15 17 14 17 13 17 11 17 10 17 9 17 7 17 6 17 5 17 4
4 5 14 30 17 30 17 32 14 32 14 31
5 7 0 31 10 31 11 31 12 31 14 31 14 32 0 32
6 4 12 30 14 30 14 31 12 31
7 6 12 26 17 26 17 29 17 30 14 30 12 30
8 4 12 25 17 25 17 26 12 26
9 8 11 25 12 25 12 26 12 30 12 31 11 31 11 28 11 27
10 5 11 24 17 24 17 25 12 25 11 25
11 4 11 23 17 23 17 24 11 24
12 4 10 28 11 28 11 31 10 31
13 4 10 27 11 27 11 28 10 28
14 5 0 27 10 27 10 28 10 31 0 31
15 10 0 23 1 23 4 23 6 23 11 23 11 24 11 25 11 27 10 27 0 27
16 6 6 22 13 22 17 22 17 23 11 23 6 23
17 4 13 20 17 20 17 22 13 22
18 6 6 20 7 20 13 20 13 22 6 22 6 21
19 7 7 19 8 19 16 19 17 19 17 20 13 20 7 20
20 5 16 16 17 16 17 19 16 19 16 17
21 5 8 17 16 17 16 19 8 19 8 18
22 4 7 18 8 18 8 19 7 19
23 4 7 17 8 17 8 18 7 18
24 5 7 16 16 16 16 17 8 17 7 17
25 7 6 16 7 16 7 17 7 18 7 19 7 20 6 20
26 6 6 15 17 15 17 16 16 16 7 16 6 16
27 5 4 21 6 21 6 22 6 23 4 23
28 6 4 15 6 15 6 16 6 20 6 21 4 21
29 5 4 14 17 14 17 15 6 15 4 15
30 5 4 13 9 13 17 13 17 14 4 14
31 7 1 13 4 13 4 14 4 15 4 21 4 23 1 23
32 5 9 11 17 11 17 13 9 13 9 12
33 5 1 12 9 12 9 13 4 13 1 13
34 5 1 11 3 11 9 11 9 12 1 12
35 6 0 11 1 11 1 12 1 13 1 23 0 23
36 5 3 10 17 10 17 11 9 11 3 11
37 4 3 9 17 9 17 10 3 10
38 5 3 7 17 7 17 9 3 9 3 8
39 4 3 6 17 6 17 7 3 7
40 8 0 8 2 8 3 8 3 9 3 10 3 11 1 11 0 11
41 5 2 6 3 6 3 7 3 8 2 8
42 5 2 5 17 5 17 6 3 6 2 6
43 6 2 4 5 4 15 4 17 4 17 5 2 5
44 6 15 0 17 0 17 4 15 4 15 3 15 2
45 4 5 3 15 3 15 4 5 4
46 4 5 2 15 2 15 3 5 3
47 5 5 0 15 0 15 2 5 2 5 1
48 6 2 1 5 1 5 2 5 3 5 4 2 4
49 7 0 1 2 1 2 4 2 5 2 6 2 8 0 8
50 5 0 0 5 0 5 1 2 1 0 1
50
1 7 0 27 16 27 17 27 22 27 23 27 23 28 0 28
2 4 22 26 23 26 23 27 22 27
3 16 22 0 23 0 23 26 22 26 22 25 22 23 22 18 22 17 22 16 22 15 22 10 22 9 22 8 22 5 22 4 22 2
4 6 17 25 21 25 22 25 22 26 22 27 17 27
5 4 21 23 22 23 22 25 21 25
6 6 17 23 20 23 21 23 21 25 17 25 17 24
7 8 20 18 22 18 22 23 21 23 20 23 20 22 20 21 20 19
8 5 17 22 18 22 20 22 20 23 17 23
9 5 16 24 17 24 17 25 17 27 16 27
10 4 0 24 16 24 16 27 0 27
11 9 0 22 1 22 2 22 3 22 17 22 17 23 17 24 16 24 0 24
12 4 18 21 20 21 20 22 18 22
13 7 3 21 4 21 15 21 18 21 18 22 17 22 3 22
14 5 15 19 20 19 20 21 18 21 15 21
15 7 4 19 6 19 9 19 15 19 15 21 4 21 4 20
16 5 9 18 20 18 20 19 15 19 9 19
17 6 9 17 11 17 22 17 22 18 20 18 9 18
18 5 11 16 14 16 22 16 22 17 11 17
19 4 9 16 11 16 11 17 9 17
20 6 6 16 9 16 9 17 9 18 9 19 6 19
21 5 14 15 19 15 22 15 22 16 14 16
22 7 19 10 22 10 22 15 19 15 19 14 19 12 19 11
23 4 14 14 19 14 19 15 14 15
24 5 14 12 19 12 19 14 14 14 14 13
25 8 6 13 14 13 14 14 14 15 14 16 11 16 9 16 6 16
26 6 6 12 7 12 8 12 14 12 14 13 6 13
27 7 8 11 10 11 12 11 19 11 19 12 14 12 8 12
28 5 12 10 13 10 19 10 19 11 12 11
29 5 13 9 22 9 22 10 19 10 13 10
30 4 13 8 22 8 22 9 13 9
31 5 12 8 13 8 13 9 13 10 12 10
32 5 12 5 22 5 22 8 13 8 12 8
33 4 12 4 22 4 22 5 12 5
34 7 10 4 12 4 12 5 12 8 12 10 12 11 10 11
35 4 8 4 10 4 10 11 8 11
36 6 8 2 22 2 22 4 12 4 10 4 8 4
37 4 8 0 22 0 22 2 8 2
38 11 7 0 8 0 8 2 8 4 8 11 8 12 7 12 7 7 7 6 7 3 7 1
39 4 6 7 7 7 7 12 6 12
40 7 4 7 6 7 6 12 6 13 6 16 6 19 4 19
41 4 3 20 4 20 4 21 3 21
42 5 2 20 3 20 3 21 3 22 2 22
43 6 2 7 4 7 4 19 4 20 3 20 2 20
44 6 2 6 7 6 7 7 6 7 4 7 2 7
45 6 1 6 2 6 2 7 2 20 2 22 1 22
46 4 0 6 1 6 1 22 0 22
47 7 0 3 5 3 7 3 7 6 2 6 1 6 0 6
48 4 5 1 7 1 7 3 5 3
49 4 0 1 5 1 5 3 0 3
50 5 0 0 7 0 7 1 5 1 0 1
50
1 18 23 0 24 0 24 27 23 27 23 18 23 17 23 16 23 15 23 14 23 13 23 12 23 10 23 9 23 8 23 7 23 4 23 2 23 1
2 6 22 18 23 18 23 27 22 27 22 26 22 19
3 10 0 26 4 26 5 26 6 26 7 26 8 26 21 26 22 26 22 27 0 27
4 8 21 19 22 19 22 26 21 26 21 25 21 24 21 23 21 20
5 7 8 25 9 25 17 25 20 25 21 25 21 26 8 26
6 4 20 24 21 24 21 25 20 25
7 4 20 23 21 23 21 24 20 24
8 6 20 20 21 20 21 23 20 23 20 22 20 21
9 6 17 22 20 22 20 23 20 24 20 25 17 25
10 5 17 21 19 21 20 21 20 22 17 22
11 4 19 20 20 20 20 21 19 21
12 4 17 20 19 20 19 21 17 21
13 9 9 20 11 20 12 20 15 20 17 20 17 21 17 22 17 25 9 25
14 7 15 19 21 19 21 20 20 20 19 20 17 20 15 20
15 5 12 19 14 19 15 19 15 20 12 20
16 8 14 18 16 18 18 18 22 18 22 19 21 19 15 19 14 19
17 5 18 17 23 17 23 18 22 18 18 18
18 4 18 16 23 16 23 17 18 17
19 5 16 16 18 16 18 17 18 18 16 18
20 4 14 16 16 16 16 18 14 18
21 6 14 15 23 15 23 16 18 16 16 16 14 16
22 4 14 14 23 14 23 15 14 15
23 7 12 14 14 14 14 15 14 16 14 18 14 19 12 19
24 5 12 13 23 13 23 14 14 14 12 14
25 6 11 13 12 13 12 14 12 19 12 20 11 20
26 5 11 12 23 12 23 13 12 13 11 13
27 4 11 10 23 10 23 12 11 12
28 4 11 9 23 9 23 10 11 10
29 7 9 9 11 9 11 10 11 12 11 13 11 20 9 20
30 7 9 8 10 8 13 8 23 8 23 9 11 9 9 9
31 6 8 8 9 8 9 9 9 20 9 25 8 25
32 5 7 8 8 8 8 25 8 26 7 26
33 4 13 7 23 7 23 8 13 8
34 4 13 4 23 4 23 7 13 7
35 5 13 2 23 2 23 4 13 4 13 3
36 7 10 3 13 3 13 4 13 7 13 8 10 8 10 6
37 6 7 6 10 6 10 8 9 8 8 8 7 8
38 4 7 3 10 3 10 6 7 6
39 7 6 3 7 3 7 6 7 8 7 26 6 26 6 11
40 6 6 2 13 2 13 3 10 3 7 3 6 3
41 5 6 1 23 1 23 2 13 2 6 2
42 4 5 11 6 11 6 26 5 26
43 4 4 11 5 11 5 26 4 26
44 6 0 11 1 11 3 11 4 11 4 26 0 26
45 9 3 1 6 1 6 2 6 3 6 11 5 11 4 11 3 11 3 5
46 5 1 5 2 5 3 5 3 11 1 11
47 4 2 1 3 1 3 5 2 5
48 6 2 0 23 0 23 1 6 1 3 1 2 1
49 5 1 0 2 0 2 1 2 5 1 5
50 5 0 0 1 0 1 5 1 11 0 11
